R = -4.78951e+61
r = -2.28033e+61
